1989	16514942.883511633
1990	16198716.656514382
1991	15610488.201480528
1992	16402189.39807662
1993	17877351.574373856
1994	21015942.06271777
1995	26127878.069962546
1996	27174035.44427688
1997	30510878.10152591
1998	28902272.239583332
1999	25657697.337958075
2000	27875778.196302816
2001	28500592.46508216
2002	27202337.187317785
2003	30796892.61559567
2004	40692067.18841208
2005	48368289.01118119
2006	57665190.70907791
2007	73996004.91315173
2008	97976044.09499034
2009	74559143.21852018
2010	101476007.53883855
2011	127685341.0934552
2012	132989004.50295763
2013	138328066.73584297
2014	121714626.37346327
2015	97195178.365027
2016	92889190.54396135
